2.72298312187
17.7878539562
18.3867549896
3.29036307335
2.05817008018
19.2639601231
3.74297904968
15.4572329521
10.4027318954
5.97459697723
5.52104687691
8.84347820282
1.04120898247
18.4253599644
43.9360728264
11.3544521332
8.25365209579
7.77384901047
4.71555304527
18.8330390453
13.0083250999
5.77418088913
2.00338792801
1.24937200546
2.1458170414
4.67535400391
1.78201603889
6.82006406784
29.7397220135
3.87528181076
5.75107097626
36.6070330143
3.52302002907
2.10201692581
8.61928796768
1.476085186
38.5175700188
11.4351620674
9.1369330883
6.05100297928
28.3936619759
1.46452283859
9.33749890327
4.67473888397
13.6641011238
5.01949691772
5.39475488663
4.48532915115
4.07975792885
15.7331931591
37.8945720196
14.5068850517
7.78872895241
3.46810889244
160.578043938
137.779929876
11.0576500893
7.35661792755
7.98961281776
15.8881509304
42.0933208466
2.97362184525
44.2198150158
7.37208485603
5.50665402412
1.95988798141
8.00810694695
33.9154911041
5.27587389946
7.49308395386
25.8850798607
40.3882389069
1.77264499664
17.1109280586
6.02125310898
2.63535308838
2.04829716682
1.3020029068
13.8835418224
5.00901293755
2.98143696785
12.5604479313
5.53145194054
2.5097360611
10.4370369911
2.59321594238
22.2924420834
28.1273710728
10.0026118755
4.08197593689
1.82298898697
4.82092380524
905.833980799
3.38301706314
2.71178102493
3.38311004639
10.4744989872
3.47094202042
47.819024086
6.88714408875
524.410122871
47.9233031273
48.524903059
4.16075897217
2.07275104523
3.75016593933
7.60869693756
4.60876202583
1.5723130703
11.9893701077
35.5712659359
3.09450817108
10.1869690418
1013.60897994
3.96332597733
7.19744801521
4.98528790474
2.7282948494
13.0958430767
10.152575016
9.94037294388
2.61778283119
1.04474306107
3.72866892815
6.03784894943
229.115638971
19.2671530247
2.3729569912
3.14192390442
1.3662750721
3.54600381851
3.65012407303
16.5794830322
35.4783802032
6.62052583694
5.73648381233
4.46647191048
1.93628692627
7.19256520271
3.39001011848
23.3035950661
16.222383976
1.88395285606
792.89583683
921.105149031
26.173470974
34.4399800301
3.03803801537
8.15857100487
17.4320120811
3.63069415092
9.90247607231
1.70806312561
3.71146607399
16.5810592175
3.97601509094
2.4780728817
1.09970712662
4.56550192833
7.95004987717
23.9149529934
15.8247151375
123.807258129
10.2550990582
38.2314331532
9.83797883987
3.2419230938
2.98247599602
4.00342011452
11.9562299252
8.66637897491
9.88602113724
9.80271196365
2.27534389496
3.7644340992
15.0076780319
3.98501396179
11.1383609772
2.44710898399
6.97887897491
12.5124220848
21.7522559166
6.57154607773
3.668364048
4.16912198067
14.8900928497
1.81947779655
8.17603898048
12.803550005
1.38294005394
1.08234000206
5.88887619972
4.98789095879
21.2584459782
3.48732805252
25.00644207
11.9303278923
30.7027919292
2.04966688156
1.65357804298
7.78263187408
31.7256860733
3.26096105576
8.99224090576
1.21072697639
1.88524007797
2.75559687614
22.920817852
1.76129794121
13.2230319977
6.91773986816
3.35015487671
3.72606801987
20.8685910702
8.58751487732
6.28676795959
28.2257220745
31.731637001
3.38316106796
4.58422207832
2.89583587646
3.39855003357
5.75023007393
2.97330403328
42.6062259674
1.51128578186
2.20469689369
4.4858148098
7.27155089378
1.81306290627
1.38835406303
1.6897559166
6.52788996696
9.34490895271
2.01950907707
4.5399620533
1.31083393097
10.5226590633
9.51883006096
2.3778231144
1.84843707085
12.2984240055
5.43935799599
3.57165598869
12.7668588161
3.86349010468
21.9602980614
5.60230398178
3.86998510361
9.89411306381
2.69524002075
8.01189112663
56.3642711639
10.0685870647
23.90366292
5.3145031929
41.2040641308
8.91412615776
11.2650039196
8.92397594452
6.79613804817
2.48334693909
54.4252798557
4.04616880417
2.64778208733
3.71512007713
12.6140561104
18.3286089897
8.95897912979
4.98406410217
7.91041302681
2.64634180069
6.86815500259
8.71585607529
4.55289292336
10.3396651745
12.0597271919
5.55518507957
9.54562687874
3.56012201309
7.31276297569
8.5521709919
3.0643389225
13.3964569569
5.85936403275
5.06308197975
6.99822688103
23.331143856
23.5911009312
62.8003571033
5.40145015717
3.03540897369
21.2721772194
12.2057299614
115.783879995
15.2033088207
8.28292894363
3.51097607613
1.51096510887
81.6406950951
6.49560689926
6.77432203293
12.6593019962
9.06708288193
7.39649295807
1.02467393875
21.9492990971
7.55748295784
39.4184310436
6.22852396965
13.5307919979
6.13176703453
6.88612604141
6.93642807007
