3.58983492851
26.5009579659
2.05277299881
48.7560720444
2.43668985367
8.81052088737
1.49744510651
4.57263684273
4.08869409561
13.6167180538
11.0113089085
2.94299292564
13.4898428917
4.29337120056
21.7524039745
3.19159293175
10.634827137
11.5844330788
1.74749493599
4.79773497581
1.75038003922
8.39990091324
3.93332290649
9.73524308205
8.59618091583
3.36006593704
13.5902569294
1.49718308449
5.03806805611
5.65602397919
2.24429798126
15.7198839188
10.6651070118
16.8573999405
9.89804387093
1.4170460701
5.2475669384
14.6338570118
8.55035090446
12.932336092
14.3786969185
2.0541870594
6.31808805466
7.9312889576
10.3196308613
17.8786709309
10.1529669762
9.79152107239
1.60038495064
23.9471700191
40.8582241535
17.5965900421
4.02832198143
46.1260888577
33.2138030529
31.8271040916
11.9903678894
4.18944787979
15.0425879955
367.398180008
5.24653601646
5.73573517799
1.10870194435
47.2523570061
3.89614295959
5.72511076927
7.59575200081
70.5481829643
7.32750606537
19.4050929546
9.43574404716
2.66187000275
3.89272809029
13.5171589851
6.57772111893
5.68671393394
37.5267441273
30.5611710548
23.4911119938
1.30310583115
5.07529783249
8.94245481491
7.85711789131
7.42251491547
4.40921711922
3.5292160511
9.22048616409
16.3329238892
34.1044139862
1.61131811142
1.25216698647
1.00052499771
222.112812042
114.342914104
4.63447594643
33.7809691429
2.01567316055
2.015417099
8.71117115021
1.62844395638
543.101733923
505.706372976
88.6953499317
1.20533514023
2.32238602638
4.68688297272
1.37836384773
13.0179998875
71.4209969044
3.42800879478
19.8714830875
15.7242310047
23.7993659973
1586.71314192
5.65721702576
3.70715880394
5.63588190079
2.6987080574
7.5163898468
6.61131000519
69.7884190083
10.5751819611
1.66863107681
9.79984498024
4.72690987587
9.24522805214
3.6289999485
4.35278081894
4.45574712753
16.6400158405
2.84964299202
14.317138195
4.70065808296
14.4761471748
1.32578897476
3.1796939373
2.11280798912
26.3324139118
12.3796620369
13.2416760921
13.7149381638
8.05264592171
6.28531384468
549.551040888
549.770930052
520.578540802
497.186044931
3.22289800644
11.7842328548
12.7712218761
57.1233439445
68.4576890469
4.38778805733
1.00127100945
37.7339088917
3.13512182236
7.16928505898
3.78167080879
2.28175401688
17.8756790161
3.52280807495
7.73050689697
31.4385490417
11.6804680824
18.3641710281
5.23438215256
2.81841516495
10.7536759377
21.6476919651
74.541779995
1.86541295052
6.32912707329
6.7366092205
3.87760996819
23.2135720253
8.1920800209
44.6279299259
1.47767615318
1.09010505676
16.3748970032
14.2845528126
31.0621151924
11.0599939823
28.2706291676
19.1416070461
25.2566311359
3.33860611916
1.61545991898
1.76357793808
6.17995595932
11.0727829933
11.4713749886
7.88017678261
7.18560099602
4.28751087189
7.06497907639
4.39652109146
18.1728959084
7.06950592995
2.04685807228
23.2417230606
4.32692790031
11.7364699841
11.9440410137
9.17758703232
1.11568903923
38.8374860287
15.7387499809
4.77617311478
11.3609759808
5.45039105415
3.12559890747
5.88872098923
39.7922520638
1.55144500732
3.5706820488
1.57087898254
9.20521807671
3.93215489388
6.43590807915
8.50131297112
18.8761281967
41.0887291431
2.01651501656
45.2210159302
22.7073380947
6.15547013283
2.6329369545
19.9034259319
19.0282101631
11.3862738609
6.26948285103
4.25712418556
10.6603658199
1.44788098335
16.4390349388
1.94743013382
25.2146809101
4.99201202393
2.54515910149
3.63550615311
19.6601510048
7.50231790543
12.7376658916
24.7095460892
6.99885797501
36.9679369926
10.687456131
9.51414895058
15.5184419155
10.9606280327
12.318516016
7.30435299873
6.30330204964
2.22606396675
8.69156384468
58.3226268291
22.1977939606
11.024723053
8.09929490089
2.68237614632
13.1649398804
39.152777195
5.17484307289
16.7107791901
3.49591803551
5.87810516357
18.5367732048
9.80813503265
14.7308850288
11.9821939468
22.0567350388
11.9414410591
2.91025400162
10.9840631485
5.80640506744
8.13934993744
21.2544739246
15.5974960327
1.48808288574
2.21223378181
1.71183919907
40.1958720684
25.3402690887
14.7171120644
2.46481800079
2.58724403381
29.574570179
3.09832692146
99.995262146
5.75052690506
130.03844285
42.4406878948
1.70332312584
125.140091896
11.5748538971
4.74705600739
14.1590030193
25.6098659039
25.039744854
6.0360481739
15.394536972
22.6587650776
20.5390598774
15.8634970188
20.0723049641
5.87549209595
4.6984360218
6.01956605911
2.36540484428
16.5279181004
2.37365293503
6.66878795624
14.9378199577
