5.66564297676
43.0213029385
1.509100914
1.72562003136
4.15710306168
17.1681389809
1.32853102684
9.74125599861
2.83339595795
100.840350866
7.51266407967
1.5854640007
2.043446064
240.660315037
2.68855690956
2.23484396935
5.34906101227
39.140460968
1.135876894
2.48002099991
16.8930299282
7.13389182091
2.55055880547
2.19793200493
1.56562805176
2.96413111687
27.7445731163
3.23506999016
2.58085393906
22.0918951035
1.23520708084
6.94402599335
7.31370401382
1.73627305031
12.1797821522
3.29901504517
3.27167010307
1.51705312729
1.50988197327
1.98411083221
30.4724698067
9.71929693222
3.91208696365
3.1518061161
1.00247001648
1.66038990021
1.36527681351
2.60424089432
2.93060398102
7.46828699112
5.66231322289
7.38160014153
10.7999501228
7.83913683891
1.18210601807
8.02247786522
3.1192150116
4.45734190941
2.79337501526
5.6364030838
2.43510079384
10.3559470177
3.54823517799
1.04078197479
5.3726170063
4.68842482567
1.33745503426
1.139138937
11.1006419659
8.21196889877
29.7122449875
8.92717504501
30.4213600159
1.88141608238
16.8263571262
10.5775060654
5.2709569931
4.93218779564
6.62450504303
1.22047591209
1.59060788155
3.51882410049
4.6904489994
11.6670029163
3.53967905045
1.23022699356
30.4070580006
3.80193114281
7.16517901421
5.90435814857
1.52592206001
1.38938093185
3.45798277855
4.2184920311
4.63797020912
1.62048387527
5.47837805748
1.2974820137
14.3491001129
7.7121348381
9.07725715637
1.73458003998
5.3662109375
1.68825006485
1.71181702614
4.37194800377
1.63227081299
105.660308123
10.1182370186
1.20179605484
127.842899799
3.131472826
12.5363948345
7.68015098572
3.08350396156
3.0320789814
1.30592083931
9.02447199821
4.32870912552
7.79396390915
3.15745997429
19.417495966
5.60843491554
4.70578384399
16.5535190105
4.24564290047
2.0143699646
13.6870729923
19.3737339973
7.37251591682
41.4682621956
1.13045692444
14.7293069363
5.84786510468
7.0367398262
16.4401590824
9.90026807785
3.89477705956
7.73594713211
5.32620000839
2.61167097092
2.40907287598
17.2979221344
3.90862011909
4.83397293091
24.3305950165
1.67892289162
7.12470006943
3.64329910278
1.66856503487
4.21574616432
1.11808204651
6.57257008553
7.05047416687
7.98319101334
17.598528862
4.15340805054
2.25279211998
5.68334293365
9.06222105026
1.08664989471
4.82242584229
7.70604896545
2.33638310432
11.1332769394
1.84408307076
3.19496917725
3.05807900429
7.3783659935
14.1671819687
1.59088802338
2.24009609222
5.83710598946
6.0932059288
2.30808210373
2.92666983604
12.162498951
6.12157416344
16.4910328388
4.14350581169
5.52899098396
4.36818408966
2.40684199333
6.07482790947
2.24747300148
8.21436691284
6.10618901253
8.98049402237
3.33985209465
4.28150486946
27.36678195
3.9617331028
6.64103889465
4.02243208885
44.9759778976
1.17943406105
6.16491699219
5.65754294395
2.74013495445
1.47051620483
7.23827385902
1.13329792023
3.47830891609
3.85071086884
3.60817694664
2.13062000275
4.43142318726
5.0141518116
2.98896718025
2.45441389084
1.67014193535
5.82514500618
1.7098710537
5.5996940136
6.86279606819
12.1447901726
2.52057409286
7.36421513557
2.49576711655
6.08722996712
4.18889212608
9.06256699562
1.58501505852
2.67146492004
4.66027021408
2.82420396805
1.17774295807
6.29569292068
2.65597486496
3.19001197815
4.2244579792
1.17017483711
1.43019485474
13.4360721111
7.32001805305
9.41616082191
7.03995990753
4.82451796532
2.42873382568
3.55120396614
5.11631512642
2.75476884842
1.32037091255
1.17427206039
38.3111929893
5.71677589417
2.83968114853
2.93235301971
4.48995113373
9.10393500328
7.63524699211
10.0900950432
2.82292604446
6.01961493492
7.92547488213
2.38933587074
5.26673412323
16.3358149529
9.8282289505
26.0976800919
2.17300200462
1.97368502617
9.59050107002
2.85915994644
8.37834405899
3.98510980606
2.20978093147
2.31594586372
3.57932591438
6.96210098267
3.10056591034
8.95502400398
2.60518813133
4.81230282784
3.56208395958
3.06288599968
29.3246359825
7.34705400467
1.77020788193
2.39606380463
2.15781593323
1.19150114059
4.41390109062
2.33845710754
8.36970901489
2.658411026
1.18232893944
35.8422300816
3.46865606308
1.26445412636
2.39231586456
1.36710596085
1.23628520966
3.66745305061
3.37585687637
5.05496382713
3.56503486633
7.09307289124
4.48886203766
6.54457998276
6.45952510834
9.00839114189
5.80460500717
3.81527900696
1.64223098755
2.62593984604
3.16818094254
3.99767899513
2.34858584404
4.23310995102
1.17123508453
2.57977390289
3.47537899017
5.93608999252
1.70878791809
5.53397107124
4.21587991714
6.48405504227
3.66838884354
1.02482104301
3.08681201935
109.230630875
5.6892311573
3.02272701263
8.23448801041
8.90821504593
2.98089194298
1.29691195488
11.6506109238
2.86151885986
6.02979707718
8.19082188606
3.53559494019
11.0545971394
58.2767271996
7.90549492836
3.05248093605
13.740748167
10.076513052
15.5838599205
2.67637014389
2.12321901321
4.5785138607
4.80570793152
5.28388881683
1.28367900848
11.2158219814
7.31371092796
1.38223314285
3.80387711525
6.11388206482
3.98764300346
5.49185180664
8.05533885956
8.52395701408
3.55439090729
3.35578298569
5.24560189247
3.60985302925
28.6974620819
2.38683009148
7.15525698662
7.35847091675
1.01883506775
5.05381989479
5.95199298859
2.10562396049
2.33816885948
7.15345907211
1.86569499969
1.13974809647
1.53704500198
6.43183803558
3.70771789551
4.7283270359
2.35443401337
1.28931903839
8.17836809158
4.70658397675
5.09239506721
29.5463418961
5.05241107941
2.53160309792
66.7520599365
1.35863685608
7.75120997429
4.13554596901
4.08531594276
2.76009988785
7.81828188896
6.84595489502
4.91782307625
1.20125818253
1.7375869751
4.17829799652
8.02181982994
23.785353899
2.87613201141
1.32538104057
2.2714650631
6.74731087685
2.00028800964
5.57988190651
6.23124194145
4.818557024
12.12590909
1.80906200409
1.01998806
2.26723194122
12.9270210266
4.1116361618
1.79207992554
2.06643795967
6.51736998558
1.07800889015
8.26505589485
6.81772589684
8.88446187973
7.11576104164
1.07845711708
1.46749210358
3.62472605705
4.94898581505
9.26523804665
3.41294193268
1.66182780266
1.53707385063
7.37904810905
6.04875183105
8.38445591927
1.44054484367
5.10861706734
14.3637590408
6.43888783455
1.56554198265
1.61647891998
1.11840486526
6.01982092857
2.38381791115
2.72174787521
1.39357185364
3.19395112991
2.19052290916
3.27773404121
8.51762008667
1.52019715309
1.12760400772
1.84057807922
1.2872531414
1.12167191505
4.26243185997
6.37042117119
2.99581694603
5.88080096245
2.11841821671
5.14141106606
7.59746599197
8.3644990921
5.85714697838
3.69821691513
2.52883195877
2.94910693169
7.89284896851
2.46419501305
1.47973108292
3.63311719894
3.91186904907
7.27981114388
6.40008997917
9.71067094803
3.16187596321
6.97400188446
3.9290831089
4.58913516998
8.28849697113
2.46804285049
1.10945701599
14.8906428814
6.35352110863
8.40081095695
1.44992613792
6.32347798347
6.08783102036
9.68163514137
3.66963291168
2.59960103035
2.81869292259
1.04486083984
3.82076406479
1.61608505249
4.11880397797
5.46928691864
6.03951406479
2.61317682266
4.22222113609
6.37213897705
2.39631605148
5.24482607841
19.2971057892
1.93622112274
5.30383491516
1.73235702515
3.54398798943
6.88545203209
4.75203895569
2.00000286102
1.70680689812
6.94638895988
8.71478199959
6.04454493523
10.2182469368
1.2127790451
3.02571606636
7.02469587326
7.06143283844
2.2853808403
1.17973685265
2.02776789665
9.12411594391
3.57781195641
4.30584597588
1.08409905434
2.81563711166
3.61447620392
1.72453093529
3.81189489365
7.73249697685
1.00005507469
3.15340209007
11.5794818401
1.44654488564
2.60609292984
3.28568911552
4.96609783173
1.16133499146
9.73272395134
7.56539011002
3.56451702118
3.04293107986
4.4838051796
4.7223649025
4.53487706184
4.91742801666
1.166410923
4.07660889626
2.83647203445
4.6606221199
4.91110897064
8.54153585434
6.00682806969
2.79576301575
3.49921607971
3.39364314079
3.30450105667
3.55027699471
8.74395513535
6.38098788261
13.7074849606
1.00104093552
11.7766189575
2.74570798874
2.7752301693
1.01524114609
2.66284513474
6.08285593987
8.99038100243
9.74219179153
1.09559392929
3.7110619545
4.12129306793
2.30561900139
7.93280982971
2.18124198914
12.0446360111
5.3922059536
17.1045968533
5.15819001198
3.22241806984
7.08210706711
18.4705889225
1.06212615967
1.51568198204
10.8756980896
3.82025098801
9.11835384369
1.23373103142
1.4827849865
2.96234893799
3.56119894981
2.32752013206
3.44179296494
7.06636118889
8.37401294708
2.38433694839
26.3254640102
9.03998088837
8.49455285072
3.13546991348
9.3178858757
7.68305420876
7.1287009716
3.78948688507
4.4801659584
3.37623310089
1.27645897865
5.66405296326
7.52723407745
8.94096684456
42.2342371941
1.23414611816
1.85953593254
2.8771378994
12.8561329842
8.47069001198
4.10431814194
5.05498790741
5.20798802376
3.83771014214
6.1800839901
5.71976804733
4.92216205597
9.87944793701
2.18272399902
1.16331887245
1.33005809784
7.81556415558
5.87793397903
5.40350198746
8.52685213089
4.96065497398
2.72180700302
17.722976923
6.38784694672
6.50521016121
1.57669091225
2.90177488327
2.57600307465
2.14769387245
2.53798604012
7.4143819809
2.55289196968
7.00696992874
2.45631790161
3.45140194893
4.04709792137
9.89659714699
2.19775891304
5.18058419228
6.60969400406
1.6099319458
5.62154483795
1.36780118942
1.44887804985
1.92848300934
1.88049983978
13.1647400856
2.16646885872
1.12463593483
9.25370693207
1.67166399956
1.73430299759
3.18862485886
1.53274583817
5.83236503601
6.51305389404
9.81953001022
1.95025420189
4.4119040966
2.72435092926
2.54368495941
9.05743312836
2.05215620995
67.3381860256
6.33958792686
3.10442590714
4.04432201385
2.69226694107
7.56439304352
4.05534005165
2.73537302017
4.81578397751
1.0465259552
9.31467700005
7.87467193604
2.65811920166
3.73813199997
2.90314817429
1.70971798897
4.10942792892
1.36225605011
3.40730190277
2.76143598557
1.96496701241
10.5056369305
16.2077639103
8.88949608803
13.8277060986
6.7955801487
7.3563849926
5.82444810867
3.41016101837
2.89024209976
9.31950592995
1.82160496712
5.35744714737
3.16170310974
10.2003219128
8.42550587654
2.19906902313
14.0158128738
3.89348101616
7.46000099182
3.55308699608
4.92758393288
5.20697402954
6.2313978672
2.63074088097
4.90311312675
1.28187680244
6.83065009117
3.78396010399
6.02979898453
5.89166402817
7.74917411804
3.15319800377
45.5981199741
8.71673297882
2.14903402328
2.4067299366
2.67490196228
3.58249592781
1.873005867
4.14453887939
14.281304121
1.71832609177
2.40249085426
1.4256799221
1.27580404282
1.67650508881
1.23036694527
9.48703813553
2.22662401199
2.291877985
8.26288294792
2.5240380764
2.27265000343
12.5426359177
4.60959386826
1.63254594803
4.82497787476
9.39340519905
1.23550796509
2.66298699379
9.67853879929
2.79313993454
2.86245894432
1.73167896271
9.37122106552
4.45952510834
9.53167510033
4.0734140873
5.49588394165
8.49541401863
7.56533789635
1.17399096489
15.7017660141
1.4597120285
7.64781308174
2.44379901886
6.41469502449
1.42023396492
7.26105999947
2.65775299072
3.86247396469
1.61836194992
3.98161387444
2.29839110374
1.2751390934
3.72935509682
2.83638596535
9.54567694664
1.46839499474
1.99971699715
2.00594186783
3.1516392231
1.89981198311
2.36831998825
8.15644001961
3.14044189453
4.33699417114
6.84070491791
3.76600909233
3.37274193764
1.87825298309
9.60982704163
1.27160716057
1.3345220089
1.09391093254
2.94492101669
7.14452910423
10.7914888859
5.50317692757
4.99737596512
4.45380496979
1.75699186325
1.75943422318
8.31980109215
8.22295403481
1.41961503029
2.3008081913
3.81842112541
9.11033987999
3.88359093666
2.36245703697
2.5852060318
2.3959569931
1.62662482262
13.6723558903
6.43367290497
2.38492107391
4.585283041
5.35448002815
4.82716298103
2.18099713326
2.83793497086
9.10467004776
3.30765581131
7.7143099308
3.22487688065
1.44049191475
8.13539600372
2.63675308228
1.16412401199
2.50855398178
2.6817908287
3.24859404564
2.090280056
4.47409391403
4.40266609192
1.35265493393
9.07972002029
1.55161881447
1.53169894218
5.94740915298
11.1099951267
4.39903712273
2.09851503372
7.09928512573
4.39249897003
5.55622291565
2.5877430439
1.15577697754
5.79607987404
4.75528478622
1.09013104439
7.98991584778
5.48963284492
3.0302670002
1.10700201988
3.34283995628
2.88301920891
2.82638287544
1.45682501793
5.69617915154
1.73552012444
1.7943751812
1.25126290321
6.96022605896
2.850304842
2.69227409363
3.12788009644
1.26677298546
3.54190516472
3.49990200996
4.25167822838
2.27982592583
3.40744495392
2.40807318687
2.03189992905
3.58088421822
1.22762989998
2.25655794144
8.45716309547
6.55694699287
5.50081515312
8.70739817619
2.35645389557
7.86980509758
6.09336185455
1.36299180984
2.25389909744
1.90792798996
1.69190192223
9.80796194077
5.78828382492
3.80728292465
1.71495294571
8.04594898224
8.67022013664
9.49851799011
9.88781094551
1.00315308571
1.06452703476
3.88040494919
1.28580880165
1.2210290432
1.17659902573
1.51238679886
6.10955190659
5.42381095886
4.7080719471
1.85826992989
3.38980102539
1.05045890808
16.9148499966
4.32053995132
9.0323138237
6.48174500465
5.66986703873
1.07027792931
5.3928399086
4.35483407974
1.06660795212
4.54108810425
3.82513403893
3.2047970295
8.24729394913
2.35973000526
1.47337198257
4.74912881851
3.31474876404
4.03525996208
7.09489321709
1.69160699844
6.47330403328
1.83568882942
5.60331010818
6.66435098648
1.15753293037
8.89148402214
2.71528482437
2.58611011505
1.75043916702
6.7435529232
8.20423603058
1.16332411766
7.08477807045
3.6944038868
1.49937391281
4.6915371418
1.95143580437
6.6254799366
4.51592803001
1.68105912209
7.60403299332
1.8683412075
6.88089489937
1.50130605698
12.2378408909
7.61818504333
1.44885993004
5.73452401161
1.48345088959
3.69852018356
1.75130200386
2.8123281002
2.12955093384
6.27941989899
2.68343806267
5.47836494446
5.05984401703
3.47007584572
5.92150402069
2.91123700142
1.9084610939
2.0542550087
3.23447084427
1.97170090675
2.20718884468
3.20580387115
5.43845009804
4.72421097755
1.8612780571
1.04390311241
4.33460903168
3.80578804016
9.5214240551
2.6108109951
5.14507102966
7.16556596756
4.19442391396
7.47032403946
1.08490610123
2.77785801888
4.57205414772
5.6271109581
1.29431700706
2.51683282852
1.63933992386
4.01216006279
2.63310194016
1.91197013855
3.37660694122
2.61991000175
1.8320980072
5.90264201164
4.44834589958
8.29863595963
1.44333791733
2.75722098351
3.25727200508
2.72298312187
17.7878539562
18.3867549896
3.29036307335
2.05817008018
19.2639601231
3.74297904968
15.4572329521
10.4027318954
5.97459697723
5.52104687691
8.84347820282
1.04120898247
18.4253599644
43.9360728264
11.3544521332
8.25365209579
7.77384901047
4.71555304527
18.8330390453
13.0083250999
5.77418088913
2.00338792801
1.24937200546
2.1458170414
4.67535400391
1.78201603889
6.82006406784
29.7397220135
3.87528181076
5.75107097626
36.6070330143
3.52302002907
2.10201692581
8.61928796768
1.476085186
38.5175700188
11.4351620674
9.1369330883
6.05100297928
28.3936619759
1.46452283859
9.33749890327
4.67473888397
13.6641011238
5.01949691772
5.39475488663
4.48532915115
4.07975792885
15.7331931591
37.8945720196
14.5068850517
7.78872895241
3.46810889244
160.578043938
137.779929876
11.0576500893
7.35661792755
7.98961281776
15.8881509304
42.0933208466
2.97362184525
44.2198150158
7.37208485603
5.50665402412
1.95988798141
8.00810694695
33.9154911041
5.27587389946
7.49308395386
25.8850798607
40.3882389069
1.77264499664
17.1109280586
6.02125310898
2.63535308838
2.04829716682
1.3020029068
13.8835418224
5.00901293755
2.98143696785
12.5604479313
5.53145194054
2.5097360611
10.4370369911
2.59321594238
22.2924420834
28.1273710728
10.0026118755
4.08197593689
1.82298898697
4.82092380524
905.833980799
3.38301706314
2.71178102493
3.38311004639
10.4744989872
3.47094202042
47.819024086
6.88714408875
524.410122871
47.9233031273
48.524903059
4.16075897217
2.07275104523
3.75016593933
7.60869693756
4.60876202583
1.5723130703
11.9893701077
35.5712659359
3.09450817108
10.1869690418
1013.60897994
3.96332597733
7.19744801521
4.98528790474
2.7282948494
13.0958430767
10.152575016
9.94037294388
2.61778283119
1.04474306107
3.72866892815
6.03784894943
229.115638971
19.2671530247
2.3729569912
3.14192390442
1.3662750721
3.54600381851
3.65012407303
16.5794830322
35.4783802032
6.62052583694
5.73648381233
4.46647191048
1.93628692627
7.19256520271
3.39001011848
23.3035950661
16.222383976
1.88395285606
792.89583683
921.105149031
26.173470974
34.4399800301
3.03803801537
8.15857100487
17.4320120811
3.63069415092
9.90247607231
1.70806312561
3.71146607399
16.5810592175
3.97601509094
2.4780728817
1.09970712662
4.56550192833
7.95004987717
23.9149529934
15.8247151375
123.807258129
10.2550990582
38.2314331532
9.83797883987
3.2419230938
2.98247599602
4.00342011452
11.9562299252
8.66637897491
9.88602113724
9.80271196365
2.27534389496
3.7644340992
15.0076780319
3.98501396179
11.1383609772
2.44710898399
6.97887897491
12.5124220848
21.7522559166
6.57154607773
3.668364048
4.16912198067
14.8900928497
1.81947779655
8.17603898048
12.803550005
1.38294005394
1.08234000206
5.88887619972
4.98789095879
21.2584459782
3.48732805252
25.00644207
11.9303278923
30.7027919292
2.04966688156
1.65357804298
7.78263187408
31.7256860733
3.26096105576
8.99224090576
1.21072697639
1.88524007797
2.75559687614
22.920817852
1.76129794121
13.2230319977
6.91773986816
3.35015487671
3.72606801987
20.8685910702
8.58751487732
6.28676795959
28.2257220745
31.731637001
3.38316106796
4.58422207832
2.89583587646
3.39855003357
5.75023007393
2.97330403328
42.6062259674
1.51128578186
2.20469689369
4.4858148098
7.27155089378
1.81306290627
1.38835406303
1.6897559166
6.52788996696
9.34490895271
2.01950907707
4.5399620533
1.31083393097
10.5226590633
9.51883006096
2.3778231144
1.84843707085
12.2984240055
5.43935799599
3.57165598869
12.7668588161
3.86349010468
21.9602980614
5.60230398178
3.86998510361
9.89411306381
2.69524002075
8.01189112663
56.3642711639
10.0685870647
23.90366292
5.3145031929
41.2040641308
8.91412615776
11.2650039196
8.92397594452
6.79613804817
2.48334693909
54.4252798557
4.04616880417
2.64778208733
3.71512007713
12.6140561104
18.3286089897
8.95897912979
4.98406410217
7.91041302681
2.64634180069
6.86815500259
8.71585607529
4.55289292336
10.3396651745
12.0597271919
5.55518507957
9.54562687874
3.56012201309
7.31276297569
8.5521709919
3.0643389225
13.3964569569
5.85936403275
5.06308197975
6.99822688103
23.331143856
23.5911009312
62.8003571033
5.40145015717
3.03540897369
21.2721772194
12.2057299614
115.783879995
15.2033088207
8.28292894363
3.51097607613
1.51096510887
81.6406950951
6.49560689926
6.77432203293
12.6593019962
9.06708288193
7.39649295807
1.02467393875
21.9492990971
7.55748295784
39.4184310436
6.22852396965
13.5307919979
6.13176703453
6.88612604141
6.93642807007
