18.4255819321
8.93473505974
53.5829501152
4.19736790657
1.35588312149
1.13909602165
10.9364869595
9.59550523758
3.06343388557
4.78982877731
12.3213310242
5.89295315742
6.48116612434
1.59566903114
1.00797700882
2.08939290047
3.21192002296
12.3622100353
3.11714315414
4.52936005592
7.59472894669
5.36903309822
12.5927319527
7.99275302887
7.8627550602
3.5530230999
32.3579428196
2.09149503708
5.16874814034
11.3951230049
2.2186050415
24.7599990368
9.45638012886
1.83105897903
2.96755480766
45.3217320442
1.81892609596
2.08379006386
2.09030294418
4.82680797577
7.0786678791
2.01025795937
4.82364416122
6.94386219978
1.10596108437
7.14209413528
1.70745301247
1.94124913216
3.24908304214
17.7130639553
3.20226812363
3.90731501579
11.2875099182
4.66912007332
3.83958411217
33.7634189129
7.81989598274
1.24581885338
4.97396183014
1.71380877495
1.02014112473
4.59332299232
8.02845811844
7.45681810379
6.64660406113
2.17919802666
16.4840710163
5.62541389465
4.48208594322
1.77841210365
2.19984006882
13.8663032055
3.57859897614
14.3725841045
16.375428915
3.5416328907
5.74001407623
1.03100395203
3.33240914345
1.38624405861
2.03705883026
5.86321210861
1.22612309456
10.3913640976
1.06035208702
1.48413300514
25.9262399673
6.1860730648
3.85384988785
4.05736589432
5.17068219185
3.09762883186
3.13252806664
3.28599095345
1.82815098763
2.16240501404
1.50908207893
5.34968805313
1.45718288422
7.25370788574
2.8050391674
1.5421037674
3.91486382484
1.4202978611
5.31048607826
1.79678606987
4.91969203949
4.40823101997
5.25814509392
9.26920008659
6.8455760479
5.94626307487
15.1111271381
5.8762049675
16.9941940308
6.65367007256
1.63416600227
8.50197696686
4.25394582748
2.06383395195
2.02273392677
1.10980582237
23.0755019188
1.2825460434
3.91336107254
4.02205991745
2.71278786659
23.751511097
10.3396070004
5.67599606514
4.12674307823
5.15116596222
1.45018196106
1.52904891968
8.23767805099
5.65834116936
1.96431589127
14.5234670639
40.7679378986
1.27749013901
13.2643830776
20.1532979012
9.57935094833
6.17311501503
6.69266700745
5.59623908997
1.34130907059
7.04600191116
9.21326899529
1.10782504082
4.158192873
2.29004597664
5.93215107918
4.52038216591
2.42118000984
19.1350500584
6.43854808807
27.7455880642
7.5496969223
36.3536689281
3.03117394447
5.3607378006
13.7417118549
9.19262599945
5.23542499542
1.53946399689
6.29998517036
1.466381073
1.91476988792
6.82181882858
2.85832595825
3.00965499878
4.63252091408
1.83084607124
4.55794501305
3.0289580822
2.1406929493
8.53739500046
7.3712208271
1.13358306885
19.1674079895
2.08477497101
5.91859102249
9.86149907112
9.31650996208
6.39788293839
4.45221590996
2.97901296616
10.708302021
3.74108791351
2.11603808403
1.77241301537
2.06635212898
1.54813504219
4.99614596367
2.18974494934
1.59316420555
7.6778960228
6.92254805565
29.5749180317
1.9449839592
2.04270577431
1.53865003586
9.3746099472
4.54927682877
1.81310796738
30.9309201241
5.5500869751
10.9524559975
1.02434897423
3.28865909576
7.11213994026
1.60818791389
10.8286600113
9.19793796539
2.73511195183
1.40043497086
7.15227103233
3.58734297752
3.71146702766
4.67584991455
15.6611959934
6.72293496132
1.7743461132
3.78642201424
1.45073699951
1.79532313347
3.13360381126
7.45715808868
5.6629319191
2.37420892715
7.27013301849
1.75638604164
1.36548304558
34.493637085
1.04003691673
3.53306984901
1.63207697868
3.99713397026
8.61441802979
4.84901499748
12.1838521957
2.205108881
26.0852439404
6.84696912766
6.36765789986
4.52803707123
2.06416916847
4.63175296783
3.07296013832
9.85023784637
3.2538998127
4.93382811546
21.1010398865
4.39309191704
4.07482290268
2.59632205963
1.61890912056
3.11841011047
7.66663098335
7.68395400047
12.5990328789
15.8775420189
4.22838115692
9.38869810104
3.46167087555
3.01646304131
7.84566307068
19.1277520657
1.02062487602
1.69878697395
2.90455889702
5.44931387901
1.89070296288
2.10747385025
8.63906598091
5.36950683594
6.43824291229
1.63888716698
2.0746819973
7.67898917198
2.81093192101
7.24986696243
5.77532100677
4.29756402969
6.5494120121
1.64488101006
7.02901911736
6.68355703354
1.87091803551
1.11366009712
4.73076796532
5.46133804321
5.28322291374
8.89955711365
4.37522888184
1.32478618622
2.28124284744
4.12694811821
2.95669317245
2.68029999733
11.0466730595
5.14707994461
8.38887906075
1.33735394478
3.90999007225
9.03969287872
5.29769015312
4.24421310425
1.48374700546
1.06390690804
3.08577799797
6.59168195724
8.21078705788
4.29543805122
2.96280097961
1.78982186317
6.13486099243
1.11005997658
1.2341709137
12.8400468826
26.6539700031
1.37420511246
1.72262716293
3.64538693428
9.08531188965
7.41910982132
7.61289715767
46.173637867
8.09825587273
8.05882787704
9.49422502518
10.9978919029
6.11504507065
6.3785879612
22.7497611046
8.0509622097
1.23082900047
3.46700501442
6.59332513809
7.89414000511
3.14492487907
4.12608504295
7.02532887459
7.85648822784
9.39772200584
1.18562316895
1.71841812134
7.12825202942
4.47511696815
2.68081712723
4.98348808289
5.50895690918
2.01812005043
1.01233792305
6.37572717667
5.02624106407
1.7255821228
2.38528800011
1.44612693787
4.9320538044
1.15849304199
5.61326313019
2.69673013687
1.58468103409
8.90120005608
3.77111411095
8.49252820015
7.7478749752
23.273681879
15.8281869888
10.8025400639
5.03861904144
1.64135909081
1.84666585922
3.78475189209
2.03664398193
9.42863106728
2.27702283859
5.78517603874
2.61701011658
3.5123898983
3.77889490128
1.80942201614
25.835187912
3.19834589958
1.34713101387
58.049893856
3.04293489456
1.78869080544
11.7594199181
6.56664800644
11.2150399685
5.82800292969
4.98627495766
29.6702980995
6.43858289719
2.37197303772
6.34417104721
37.6591508389
4.13292503357
1.29972100258
9.80577898026
1.18204092979
2.51562404633
1.94408893585
6.37182497978
7.54725718498
1.49005293846
2.40603899956
5.11660814285
2.77990102768
3.3087041378
8.31189894676
3.38365101814
2.37454915047
6.25948309898
1.10672593117
3.47946596146
4.57713603973
1.88840103149
4.73189401627
3.81687998772
6.61193394661
9.47488284111
5.56198191643
6.94953489304
5.42030906677
1.83034515381
9.6631000042
7.39166307449
5.09436297417
4.66681599617
9.92826485634
1.09891104698
3.33122110367
29.8638439178
1.59133696556
1.08349204063
8.82981204987
1.0795750618
1.08193612099
1.46565794945
1.16444396973
11.6569991112
10.8020720482
5.14650797844
4.88392496109
1.75222706795
4.27611684799
2.62291693687
2.33746504784
8.08708906174
4.85332012177
2.56555199623
22.022343874
2.04193902016
1.46511793137
3.96246504784
6.38389992714
2.34195995331
3.36519289017
1.17492103577
5.50992298126
6.53771090508
7.00501680374
61.2930598259
5.99218797684
5.66509580612
1.62242698669
2.58842802048
3.06396794319
2.65069699287
4.36046004295
9.45787000656
1.54706501961
1.36959981918
6.40764284134
2.68792700768
3.68663311005
14.7044489384
2.01927089691
5.86889004707
1.47516393661
2.92284297943
5.92251586914
8.43976998329
6.98742485046
2.43832993507
8.10964393616
5.43404197693
2.16537594795
1.20690011978
1.42620491982
7.26528501511
9.37406992912
9.37008786201
3.50592899323
8.20481204987
4.28683590889
1.35416293144
7.59697580338
18.0085980892
6.41683006287
3.87194919586
5.87420988083
7.35079693794
1.52098202705
6.41678309441
2.60063505173
9.86518311501
4.42513489723
1.14500689507
5.01003503799
8.0775680542
3.14559412003
2.22975301743
15.7840881348
1.95240306854
26.0397138596
3.84934902191
4.27282500267
4.62244915962
7.34711003304
37.2129290104
4.53577303886
3.92486000061
7.55734682083
5.25102114677
2.45855617523
3.50635313988
9.5771780014
11.2071478367
1.87397694588
3.20082402229
5.74463009834
2.45355391502
3.35069298744
5.57728099823
2.02210307121
1.72044801712
3.48386907578
3.20047211647
6.30264997482
13.4116611481
4.97297096252
1.40271997452
4.12123322487
46.4593510628
1.66705608368
3.33005094528
7.93076205254
4.59457302094
2.03256511688
5.45329999924
2.05635380745
4.32197213173
1.01578807831
1.11792397499
4.56110906601
1.89552593231
5.26691389084
5.84181594849
1.68348908424
9.49041104317
2.14911794662
6.69236779213
9.13035416603
5.76903295517
4.56509208679
2.04834699631
4.4888188839
2.02681994438
5.31627202034
1.03681588173
1.12134194374
2.11120200157
12.5852210522
2.11023807526
25.113658905
3.81723403931
8.62506914139
3.72960591316
1.2810819149
5.41736984253
1.93205499649
5.50246596336
4.71526193619
3.43572282791
1.70117998123
13.1518599987
6.75128698349
1.61732292175
10.3196880817
4.74051904678
8.40676021576
4.33447694778
5.12962293625
7.84373617172
3.96666908264
2.47794914246
2.18918204308
2.13201904297
1.83818888664
7.07395601273
5.27361798286
16.3512101173
7.34173703194
1.16886615753
2.29746985435
4.18120098114
31.5361630917
21.3476979733
3.05654382706
3.9485502243
8.9561920166
1.17019200325
2.56369400024
9.53463292122
6.82398700714
5.83145904541
2.29077100754
2.28544592857
16.0297868252
1.1249191761
1.10250091553
3.53065896034
3.24826192856
4.82221388817
1.6785390377
4.27512788773
4.25698804855
4.43169999123
1.03806304932
9.20724201202
2.80026483536
2.53653597832
2.10780596733
1.01715493202
2.06791687012
3.63815188408
3.59137511253
8.75082492828
4.79372000694
3.1776778698
4.29949998856
1.04894900322
1.76566100121
8.28731107712
3.71507787704
8.63574695587
6.56268310547
5.34922409058
2.22590899467
2.95393896103
3.64918088913
1.37398910522
6.21556091309
6.43316197395
4.96940088272
1.67393183708
14.5771381855
8.00305509567
1.17850208282
5.32664299011
5.17839097977
7.25092101097
7.59438085556
1.64466810226
8.18652510643
7.01461601257
3.55851912498
9.82492494583
5.03440117836
3.63461208344
7.86423897743
9.56388092041
6.87866401672
1.68571686745
5.85755610466
6.45056200027
7.73581695557
3.26870799065
4.03552317619
4.36457586288
3.0736720562
3.85210394859
10.0770599842
1.77840614319
14.8160188198
3.26631999016
2.66086697578
1.4118039608
2.82996487617
7.14497494698
1.88380098343
8.09330010414
3.6104798317
3.44723010063
6.97824692726
4.99967098236
5.73873901367
1.35746908188
3.55009102821
3.01685595512
3.1845369339
2.61368894577
8.10394787788
5.67709708214
7.18772101402
5.10709381104
5.61424899101
13.5200288296
2.44571614265
1.26245307922
4.87889409065
4.95806407928
6.42899489403
4.55246591568
4.99860620499
1.4328019619
4.29242992401
4.09084486961
3.03448009491
3.49091482162
2.08704090118
3.35645699501
3.15355205536
1.99503302574
6.61236000061
6.88409900665
6.52146315575
5.58137488365
6.95847296715
2.21965694427
1.2546889782
4.97353196144
4.7294049263
1.20112490654
9.30648612976
8.32672309875
4.53735399246
1.26810097694
2.55336713791
2.50235199928
5.92784285545
1.5602440834
1.36788105965
4.01708292961
8.35209202766
5.06793785095
5.85082411766
2.75198912621
3.72908496857
3.95705103874
6.85561203957
8.62580180168
2.42499399185
3.51292490959
3.08517384529
4.47408819199
1.17375802994
7.74670600891
17.4386539459
6.33820700645
18.3182189465
3.97617888451
1.17316102982
5.55976200104
3.95206809044
18.8402919769
4.21880602837
17.4750878811
1.02762079239
3.09280920029
1.22348809242
1.05085110664
2.04226303101
3.77069306374
9.14267802238
1.98469805717
1.03252696991
1.18492102623
1.93200683594
12.0244121552
3.95158600807
1.745677948
1.01575803757
3.82155108452
6.73193502426
7.24431180954
3.61729693413
3.80540108681
1.2264919281
2.56349897385
9.28572702408
7.3527238369
1.4003341198
5.26396203041
2.35365200043
6.96552181244
1.58199596405
1.35824298859
5.87912201881
4.05639195442
2.1118080616
4.75760889053
3.8607199192
7.20353603363
4.91669011116
1.91158699989
7.01694917679
7.37708306313
1.07955503464
7.99677681923
3.26570105553
3.89400792122
1.18397092819
2.77089309692
2.40134596825
5.58522105217
4.63269281387
1.5354180336
5.45834088326
6.44675302505
2.14333295822
3.86973500252
1.55441093445
9.68614387512
1.69511508942
7.54777812958
1.43966603279
7.1814930439
2.99748110771
4.66317200661
10.7616999149
3.1036529541
2.30577802658
7.54684090614
12.6860570908
8.03142309189
2.74923205376
5.29605603218
5.74910712242
4.60642790794
7.57226681709
2.82413697243
4.97284197807
5.12739896774
4.94431686401
2.23634815216
2.80930900574
9.52650690079
5.65403604507
8.29742002487
3.72101616859
1.06323003769
9.53818893433
1.07108712196
9.43856501579
4.53703808784
5.6025929451
3.51416492462
3.87070012093
5.78133487701
8.8502972126
7.32870721817
1.02460193634
1.10719609261
6.55044698715
6.29033899307
2.38427400589
6.26658916473
3.16335201263
7.24433994293
11.856951952
1.04596018791
1.26603007317
4.3679921627
6.11697006226
5.99149894714
2.94480800629
1.19381594658
1.46201896667
3.24659204483
7.82665705681
1.77328705788
1.88713717461
2.6619310379
11.3357651234
1.5654668808
2.14751005173
8.83275604248
4.33934807777
1.95508003235
3.52962088585
11.6621990204
1.27096819878
5.02655696869
5.34181594849
1.2393181324
3.46107697487
4.29275989532
8.66519212723
5.97163891792
4.63345980644
6.47200107574
2.4581360817
3.37233185768
3.12955117226
2.6743710041
1.5440659523
3.16820979118
2.33146595955
2.93307495117
10.8804321289
1.26164293289
7.22509598732
5.40064287186
10.2628731728
8.98616886139
1.07457113266
8.90687918663
9.79414796829
3.9095890522
5.53186297417
1.01723504066
5.04158496857
1.64470791817
4.37364506721
9.80440688133
4.23312497139
3.11749005318
2.20031404495
1.74578285217
2.49933099747
8.90573191643
5.73306703568
7.4007730484
3.32260394096
8.21382403374
1.01412796974
2.66492605209
7.38498783112
4.26572704315
1.33088803291
2.3954179287
2.10036206245
5.88507294655
6.67651391029
3.33530282974
3.89715194702
3.23095583916
1.09302091599
9.43275022507
2.25121307373
1.81941604614
6.82891106606
4.76333403587
5.78659200668
1.45666599274
7.30222702026
5.1728978157
5.30510807037
1.06696081161
7.98975896835
3.60773086548
3.08517098427
4.33798718452
12.5120949745
4.70138597488
3.91247415543
3.31425499916
8.08215594292
3.98141384125
1.23998403549
1.04383802414
8.72812986374
2.29087400436
3.80661201477
19.3205780983
8.09601688385
3.25389909744
3.10519695282
7.26143598557
3.44652104378
9.03157687187
6.83522486687
8.15287494659
4.31229496002
5.98414492607
4.33191084862
2.77585506439
1.75940012932
2.82150197029
1.16619896889
3.00487017632
2.99296998978
3.55827093124
3.11020994186
1.26768803596
4.81574177742
3.85526299477
6.21749401093
1.20989203453
1.51316809654
9.05959320068
1.30964899063
8.48564815521
3.85334300995
2.47951197624
