1.0000550747
1.0010409355
1.0024700165
1.0031530857
1.0152411461
1.0188350678
1.01998806
1.0246739388
1.024821043
1.0407819748
1.0412089825
1.0439031124
1.0447430611
1.0448608398
1.0465259552
1.0504589081
1.0621261597
1.0645270348
1.0666079521
1.0702779293
1.0780088902
1.0784571171
1.0823400021
1.0840990543
1.0849061012
1.0866498947
1.0901310444
1.0939109325
1.0955939293
1.0997071266
1.1070020199
1.109457016
1.1180820465
1.1184048653
1.1216719151
1.1246359348
1.1276040077
1.1304569244
1.1332979202
1.135876894
1.139138937
1.1397480965
1.1557769775
1.1575329304
1.1613349915
1.1633188725
1.1633241177
1.164124012
1.166410923
1.1701748371
1.1712350845
1.1739909649
1.1742720604
1.1765990257
1.1777429581
1.1794340611
1.1797368527
1.1821060181
1.1823289394
1.1915011406
1.2012581825
1.2017960548
1.2107269764
1.2127790451
1.2204759121
1.2210290432
1.2276299
1.2302269936
1.2303669453
1.2337310314
1.2341461182
1.2352070808
1.2355079651
1.2362852097
1.2493720055
1.2512629032
1.2644541264
1.2667729855
1.2716071606
1.2751390934
1.2758040428
1.2764589787
1.2818768024
1.2836790085
1.2858088017
1.2872531414
1.2893190384
1.2943170071
1.2969119549
1.2974820137
1.3020029068
1.3059208393
1.310833931
1.3203709126
1.3253810406
1.3285310268
1.3300580978
1.3345220089
1.3374550343
1.3526549339
1.3586368561
1.3622560501
1.3629918098
1.3652768135
1.3662750721
1.3671059609
1.3678011894
1.3822331429
1.3829400539
1.388354063
1.3893809319
1.3935718536
1.4196150303
1.4202339649
1.4256799221
1.4301948547
1.4404919148
1.4405448437
1.4433379173
1.4465448856
1.44885993
1.4488780499
1.4499261379
1.4568250179
1.4597120285
1.4645228386
1.4674921036
1.4683949947
1.4705162048
1.4733719826
1.476085186
1.4797310829
1.4827849865
1.4834508896
1.4993739128
1.501306057
1.509100914
1.5098819733
1.5109651089
1.5112857819
1.5123867989
1.515681982
1.5170531273
1.5201971531
1.52592206
1.5316989422
1.5327458382
1.537045002
1.5370738506
1.5516188145
1.5655419827
1.5656280518
1.5723130703
1.5766909123
1.5850150585
1.5854640007
1.5906078816
1.5908880234
1.6099319458
1.6160850525
1.61647892
1.6183619499
1.6204838753
1.6266248226
1.632270813
1.632545948
1.6393399239
1.6422309876
1.653578043
1.6603899002
1.6618278027
1.6685650349
1.6701419354
1.6716639996
1.6765050888
1.6789228916
1.6810591221
1.6882500649
1.6897559166
1.6916069984
1.6919019222
1.7068068981
1.7080631256
1.7087879181
1.709717989
1.7098710537
1.7118170261
1.7149529457
1.7183260918
1.7245309353
1.7256200314
1.7316789627
1.7323570252
1.7343029976
1.73458004
1.7355201244
1.7362730503
1.7375869751
1.750439167
1.7513020039
1.7569918633
1.7594342232
1.7612979412
1.7702078819
1.7726449966
1.7820160389
1.7920799255
1.7943751812
1.8090620041
1.8130629063
1.8194777966
1.8216049671
1.822988987
1.8320980072
1.8356888294
1.8405780792
1.8440830708
1.8484370709
1.8582699299
1.8595359325
1.8612780571
1.8656949997
1.8683412075
1.873005867
1.8782529831
1.8804998398
1.8814160824
1.8839528561
1.885240078
1.8998119831
1.90792799
1.9084610939
1.9119701386
1.9284830093
1.9362211227
1.9362869263
1.9502542019
1.9514358044
1.9598879814
1.9649670124
1.9717009068
1.9736850262
1.9841108322
1.9997169972
2.000002861
2.0002880096
2.003387928
2.0059418678
2.0143699646
2.0195090771
2.0277678967
2.0318999291
2.043446064
2.0482971668
2.0496668816
2.05215621
2.0542550087
2.0581700802
2.0664379597
2.0727510452
2.090280056
2.0985150337
2.1020169258
2.1056239605
2.1184182167
2.1232190132
2.1295509338
2.1306200028
2.1458170414
2.1476938725
2.1490340233
2.1578159332
2.1664688587
2.1730020046
2.1809971333
2.1812419891
2.182723999
2.1905229092
2.197758913
2.1979320049
2.1990690231
2.2046968937
2.2071888447
2.2097809315
2.226624012
2.2348439694
2.2400960922
2.2474730015
2.25279212
2.2538990974
2.2565579414
2.2672319412
2.2714650631
2.2726500034
2.275343895
2.2798259258
2.2853808403
2.291877985
2.2983911037
2.3008081913
2.3056190014
2.3080821037
2.3159458637
2.3275201321
2.3363831043
2.3381688595
2.3384571075
2.348585844
2.3544340134
2.3564538956
2.3597300053
2.362457037
2.3683199883
2.3729569912
2.3778231144
2.3838179112
2.3843369484
2.3849210739
2.3868300915
2.3893358707
2.3923158646
2.3959569931
2.3960638046
2.3963160515
2.4024908543
2.4067299366
2.4068419933
2.4080731869
2.409072876
2.4287338257
2.4351007938
2.4437990189
2.447108984
2.4544138908
2.4563179016
2.4641950131
2.4680428505
2.4780728817
2.4800209999
2.4833469391
2.4957671166
2.5085539818
2.5097360611
2.5168328285
2.5205740929
2.5240380764
2.5288319588
2.5316030979
2.5379860401
2.5436849594
2.5505588055
2.5528919697
2.5760030747
2.5797739029
2.5808539391
2.5852060318
2.5861101151
2.5877430439
2.5932159424
2.5996010304
2.6042408943
2.6051881313
2.6060929298
2.6108109951
2.6116709709
2.6131768227
2.6177828312
2.6199100018
2.625939846
2.630740881
2.6331019402
2.6353530884
2.6367530823
2.6463418007
2.6477820873
2.655974865
2.6577529907
2.6581192017
2.658411026
2.6628451347
2.6629869938
2.67146492
2.6749019623
2.6763701439
2.6817908287
2.6834380627
2.6885569096
2.6922669411
2.6922740936
2.6952400208
2.7117810249
2.7152848244
2.7217478752
2.721807003
2.7229831219
2.7243509293
2.7282948494
2.7353730202
2.7401349545
2.7457079887
2.7547688484
2.7555968761
2.7572209835
2.7600998879
2.7614359856
2.7752301693
2.7778580189
2.7931399345
2.7933750153
2.7957630158
2.8123281002
2.8156371117
2.8186929226
2.8229260445
2.8242039681
2.8263828754
2.833395958
2.8363859654
2.8364720345
2.8379349709
2.8396811485
2.850304842
2.8591599464
2.8615188599
2.8624589443
2.8761320114
2.8771378994
2.8830192089
2.8902420998
2.8958358765
2.9017748833
2.9031481743
2.9112370014
2.926669836
2.930603981
2.9323530197
2.9449210167
2.9491069317
2.962348938
2.9641311169
2.9733040333
2.9736218453
2.980891943
2.9814369679
2.982475996
2.9889671803
2.995816946
3.0227270126
3.0257160664
3.0302670002
3.0320789814
3.0354089737
3.0380380154
3.0429310799
3.0524809361
3.0580790043
3.0628859997
3.0643389225
3.0835039616
3.0868120194
3.0945081711
3.1005659103
3.1044259071
3.1192150116
3.1278800964
3.131472826
3.1354699135
3.1404418945
3.1419239044
3.1516392231
3.1518061161
3.1531980038
3.1534020901
3.1574599743
3.1617031097
3.1618759632
3.1681809425
3.1886248589
3.1900119782
3.1939511299
3.1949691773
3.2047970295
3.2058038712
3.2224180698
3.2248768807
3.2344708443
3.2350699902
3.2419230938
3.2485940456
3.2572720051
3.2609610558
3.2716701031
3.2777340412
3.2856891155
3.2903630734
3.2990150452
3.3045010567
3.3076558113
3.314748764
3.3398520947
3.3428399563
3.3501548767
3.3557829857
3.3727419376
3.3758568764
3.3762331009
3.3766069412
3.3830170631
3.3831100464
3.383161068
3.3898010254
3.3900101185
3.3936431408
3.3985500336
3.4073019028
3.4074449539
3.4101610184
3.4129419327
3.4417929649
3.4514019489
3.4579827786
3.4681088924
3.4686560631
3.4700758457
3.4709420204
3.4753789902
3.4783089161
3.4873280525
3.4992160797
3.49990201
3.5109760761
3.5188241005
3.5230200291
3.5355949402
3.5396790505
3.5419051647
3.5439879894
3.5460038185
3.548235178
3.5502769947
3.5512039661
3.5530869961
3.5543909073
3.5601220131
3.5611989498
3.5620839596
3.5645170212
3.5650348663
3.5716559887
3.5778119564
3.5793259144
3.5808842182
3.5824959278
3.6081769466
3.6098530293
3.6144762039
3.6247260571
3.6306941509
3.6331171989
3.6432991028
3.650124073
3.6674530506
3.668364048
3.6683888435
3.6696329117
3.6944038868
3.6982169151
3.6985201836
3.7077178955
3.7110619545
3.711466074
3.7151200771
3.7260680199
3.7286689282
3.7293550968
3.738132
3.7429790497
3.7501659393
3.7644340992
3.7660090923
3.783960104
3.7894868851
3.8019311428
3.8038771153
3.8057880402
3.8072829247
3.8118948937
3.815279007
3.8184211254
3.820250988
3.8207640648
3.8251340389
3.8377101421
3.8507108688
3.8624739647
3.8634901047
3.8699851036
3.8752818108
3.8804049492
3.8835909367
3.8934810162
3.8947770596
3.9086201191
3.9118690491
3.9120869637
3.9290831089
3.9617331028
3.9633259773
3.9760150909
3.9816138744
3.9850139618
3.9851098061
3.9876430035
3.9976789951
4.0034201145
4.0121600628
4.0224320889
4.0352599621
4.0443220139
4.0461688042
4.0470979214
4.0553400517
4.0734140873
4.0766088963
4.0797579289
4.0819759369
4.0853159428
4.1043181419
4.1094279289
4.1116361618
4.118803978
4.1212930679
4.135545969
4.1435058117
4.1445388794
4.1534080505
4.1571030617
4.1607589722
4.1691219807
4.1782979965
4.1888921261
4.194423914
4.2157461643
4.2158799171
4.2184920311
4.2222211361
4.2244579792
4.233109951
4.2456429005
4.2516782284
4.26243186
4.2815048695
4.3058459759
4.3205399513
4.3287091255
4.3346090317
4.3369941711
4.3548340797
4.3681840897
4.3719480038
4.39249897
4.3990371227
4.4026660919
4.4119040966
4.4139010906
4.4314231873
4.4483458996
4.4538049698
4.4573419094
4.4595251083
4.4664719105
4.474093914
4.4801659584
4.4838051796
4.4853291512
4.4858148098
4.4888620377
4.4899511337
4.51592803
4.5348770618
4.5399620533
4.5410881043
4.5528929234
4.5655019283
4.5720541477
4.5785138607
4.5842220783
4.585283041
4.58913517
4.6087620258
4.6095938683
4.6379702091
4.6602702141
4.6606221199
4.674738884
4.6753540039
4.6884248257
4.6904489994
4.6915371418
4.705783844
4.7065839768
4.7080719471
4.7155530453
4.7223649025
4.7242109776
4.7283270359
4.7491288185
4.7520389557
4.7552847862
4.8057079315
4.8123028278
4.8157839775
4.818557024
4.8209238052
4.8224258423
4.8245179653
4.8249778748
4.827162981
4.8339729309
4.9031131268
4.9111089706
4.9174280167
4.9178230763
4.922162056
4.9275839329
4.9321877956
4.9489858151
4.960654974
4.9660978317
4.9840641022
4.9852879047
4.9878909588
4.9973759651
5.0090129376
5.0141518116
5.0194969177
5.0524110794
5.0538198948
5.0549638271
5.0549879074
5.059844017
5.0630819798
5.0923950672
5.1086170673
5.1163151264
5.1414110661
5.1450710297
5.158190012
5.1805841923
5.2069740295
5.2079880238
5.2448260784
5.2456018925
5.2667341232
5.2709569931
5.2758738995
5.2838888168
5.3038349152
5.3145031929
5.3262000084
5.3490610123
5.3544800282
5.3574471474
5.3662109375
5.3726170063
5.3922059536
5.3928399086
5.3947548866
5.4014501572
5.4035019875
5.4238109589
5.438450098
5.439357996
5.4692869186
5.4783649445
5.4783780575
5.4896328449
5.4918518066
5.4958839417
5.5008151531
5.5031769276
5.5066540241
5.5210468769
5.528990984
5.5314519405
5.5339710712
5.5551850796
5.5562229157
5.5798819065
5.5996940136
5.6023039818
5.6033101082
5.6084349155
5.621544838
5.6271109581
5.6364030838
5.657542944
5.6623132229
5.6640529633
5.6656429768
5.6698670387
5.6833429337
5.6892311573
5.6961791515
5.7167758942
5.7197680473
5.7345240116
5.7364838123
5.7502300739
5.7510709763
5.7741808891
5.7882838249
5.796079874
5.8046050072
5.8244481087
5.8251450062
5.832365036
5.8371059895
5.8478651047
5.8571469784
5.8593640328
5.877933979
5.8808009625
5.8888761997
5.8916640282
5.9026420116
5.9043581486
5.9215040207
5.9360899925
5.947409153
5.9519929886
5.9745969772
6.0068280697
6.0196149349
6.0198209286
6.021253109
6.0297970772
6.0297989845
6.0378489494
6.0395140648
6.0445449352
6.0487518311
6.0510029793
6.0748279095
6.0828559399
6.0872299671
6.0878310204
6.0932059288
6.0933618546
6.1061890125
6.1095519066
6.1138820648
6.1215741634
6.1317670345
6.1649169922
6.1800839901
6.2285239697
6.2312419415
6.2313978672
6.279419899
6.2867679596
6.2956929207
6.3234779835
6.3395879269
6.3535211086
6.3704211712
6.3721389771
6.3809878826
6.3878469467
6.4000899792
6.4146950245
6.4318380356
6.433672905
6.4388878346
6.4595251083
6.4733040333
6.4817450047
6.4840550423
6.4956068993
6.5052101612
6.513053894
6.5173699856
6.527889967
6.5445799828
6.5569469929
6.5715460777
6.5725700855
6.6096940041
6.6205258369
6.624505043
6.6254799366
6.6410388947
6.6643509865
6.7435529232
6.7473108769
6.7743220329
6.7955801487
6.7961380482
6.8177258968
6.8200640678
6.8306500912
6.8407049179
6.845954895
6.8627960682
6.8681550026
6.8808948994
6.8854520321
6.8861260414
6.8871440888
6.9177398682
6.9364280701
6.9440259934
6.9463889599
6.960226059
6.9621009827
6.9740018845
6.9788789749
6.998226881
7.0069699287
7.0246958733
7.0367398262
7.0399599075
7.0504741669
7.0614328384
7.0663611889
7.0821070671
7.0847780705
7.0930728912
7.0948932171
7.0992851257
7.1157610416
7.1247000694
7.1287009716
7.1338918209
7.1445291042
7.1534590721
7.1552569866
7.1651790142
7.1655659676
7.1925652027
7.1974480152
7.238273859
7.2610599995
7.2715508938
7.2798111439
7.3127629757
7.3137040138
7.313710928
7.3200180531
7.3470540047
7.3563849926
7.3566179276
7.3584709168
7.3642151356
7.372084856
7.3725159168
7.3783659935
7.3790481091
7.3816001415
7.3964929581
7.4143819809
7.4600009918
7.4682869911
7.4703240395
7.4930839539
7.5126640797
7.5272340775
7.5574829578
7.5643930435
7.5653378964
7.56539011
7.597465992
7.6040329933
7.6086969376
7.6181850433
7.6352469921
7.6478130817
7.6801509857
7.6830542088
7.7060489655
7.7121348381
7.7143099308
7.7324969769
7.7359471321
7.749174118
7.7512099743
7.7738490105
7.7826318741
7.7887289524
7.7939639092
7.8155641556
7.818281889
7.8391368389
7.8698050976
7.874671936
7.8928489685
7.9054949284
7.9104130268
7.9254748821
7.9328098297
7.9500498772
7.9831910133
7.9896128178
7.9899158478
8.008106947
8.0118911266
8.0218198299
8.0224778652
8.0459489822
8.0553388596
8.1353960037
8.1564400196
8.1585710049
8.1760389805
8.1783680916
8.1908218861
8.2042360306
8.2119688988
8.2143669128
8.2229540348
8.2344880104
8.2472939491
8.2536520958
8.2628829479
8.2650558949
8.2829289436
8.2884969711
8.2986359596
8.3198010922
8.3644990921
8.3697090149
8.3740129471
8.378344059
8.3844559193
8.400810957
8.4255058765
8.4571630955
8.470690012
8.4945528507
8.4954140186
8.5176200867
8.5239570141
8.5268521309
8.5415358543
8.5521709919
8.5875148773
8.6192879677
8.6663789749
8.6702201366
8.7073981762
8.7147819996
8.7158560753
8.7167329788
8.7439551354
8.8434782028
8.8844618797
8.889496088
8.8914840221
8.9082150459
8.9141261578
8.9239759445
8.927175045
8.9409668446
8.955024004
8.9589791298
8.9804940224
8.9903810024
8.9922409058
9.0083911419
9.0244719982
9.0323138237
9.0399808884
9.0574331284
9.0622210503
9.0625669956
9.0670828819
9.0772571564
9.0797200203
9.1039350033
9.1046700478
9.11033988
9.1183538437
9.1241159439
9.1369330883
9.2537069321
9.2652380467
9.3146770001
9.3178858757
9.31950593
9.3374989033
9.3449089527
9.3712210655
9.3934051991
9.4161608219
9.4870381355
9.4985179901
9.518830061
9.5214240551
9.5316751003
9.5456268787
9.5456769466
9.59050107
9.6098270416
9.6785387993
9.6816351414
9.710670948
9.7192969322
9.7327239513
9.7412559986
9.7421917915
9.8027119637
9.8079619408
9.8195300102
9.8282289505
9.8379788399
9.879447937
9.8860211372
9.8878109455
9.8941130638
9.896597147
9.9002680779
9.9024760723
9.9403729439
10.0026118755
10.0685870647
10.076513052
10.0900950432
10.1182370186
10.152575016
10.1869690418
10.2003219128
10.2182469368
10.2550990582
10.3396651745
10.3559470177
10.4027318954
10.4370369911
10.4744989872
10.5056369305
10.5226590633
10.5775060654
10.7914888859
10.7999501228
10.8756980896
11.0545971394
11.0576500893
11.1006419659
11.1099951267
11.1332769394
11.1383609772
11.2158219814
11.2650039196
11.3544521332
11.4351620674
11.5794818401
11.6506109238
11.6670029163
11.7766189575
11.9303278923
11.9562299252
11.9893701077
12.0446360111
12.0597271919
12.12590909
12.1447901726
12.162498951
12.1797821522
12.2057299614
12.2378408909
12.2984240055
12.5124220848
12.5363948345
12.5426359177
12.5604479313
12.6140561104
12.6593019962
12.7668588161
12.803550005
12.8561329842
12.9270210266
13.0083250999
13.0958430767
13.1647400856
13.2230319977
13.3964569569
13.4360721111
13.5307919979
13.6641011238
13.6723558903
13.6870729923
13.7074849606
13.740748167
13.8277060986
