1.0005249977
1.0012710095
1.0079770088
1.0123379231
1.0141279697
1.0157580376
1.0157880783
1.017154932
1.0172350407
1.0201411247
1.020624876
1.0243489742
1.0246019363
1.0276207924
1.031003952
1.0325269699
1.0368158817
1.0380630493
1.0400369167
1.0438380241
1.0459601879
1.0489490032
1.0508511066
1.060352087
1.0632300377
1.063906908
1.0669608116
1.071087122
1.0745711327
1.0795550346
1.0795750618
1.081936121
1.0834920406
1.0901050568
1.093020916
1.098911047
1.1025009155
1.1059610844
1.1067259312
1.1071960926
1.1078250408
1.1087019444
1.1098058224
1.1100599766
1.1136600971
1.1156890392
1.117923975
1.1213419437
1.1249191761
1.1335830689
1.1390960217
1.1450068951
1.158493042
1.1644439697
1.1661989689
1.1688661575
1.1701920033
1.1731610298
1.1737580299
1.1749210358
1.1785020828
1.1820409298
1.1839709282
1.1849210262
1.185623169
1.1938159466
1.2011249065
1.2053351402
1.2069001198
1.2098920345
1.2234880924
1.2261230946
1.2264919281
1.2308290005
1.2341709137
1.2393181324
1.2399840355
1.2458188534
1.2521669865
1.2546889782
1.2616429329
1.2624530792
1.2660300732
1.267688036
1.2681009769
1.2709681988
1.277490139
1.2810819149
1.2825460434
1.2997210026
1.3031058312
1.3096489906
1.3247861862
1.3257889748
1.3308880329
1.3373539448
1.3413090706
1.3471310139
1.3541629314
1.3558831215
1.3574690819
1.3582429886
1.3654830456
1.3678810597
1.3695998192
1.3739891052
1.3742051125
1.3783638477
1.3862440586
1.4003341198
1.4004349709
1.4027199745
1.4118039608
1.4170460701
1.4202978611
1.4262049198
1.4328019619
1.4396660328
1.4461269379
1.4478809834
1.4501819611
1.4507369995
1.4566659927
1.4571828842
1.4620189667
1.4651179314
1.4656579495
1.466381073
1.4751639366
1.4776761532
1.4837470055
1.4841330051
1.4880828857
1.4900529385
1.4971830845
1.4974451065
1.5090820789
1.5131680965
1.5209820271
1.5290489197
1.5354180336
1.5386500359
1.5394639969
1.5421037674
1.5440659523
1.5470650196
1.5481350422
1.5514450073
1.5544109345
1.5602440834
1.5654668808
1.5708789825
1.5819959641
1.5846810341
1.5913369656
1.5931642056
1.5956690311
1.6003849506
1.6081879139
1.6113181114
1.615459919
1.6173229218
1.6189091206
1.6224269867
1.6284439564
1.6320769787
1.6341660023
1.638887167
1.6413590908
1.6446681023
1.6447079182
1.6448810101
1.6670560837
1.6686310768
1.6739318371
1.6785390377
1.6834890842
1.6857168675
1.6951150894
1.698786974
1.7011799812
1.7033231258
1.7074530125
1.7118391991
1.713808775
1.7184181213
1.7204480171
1.7226271629
1.7255821228
1.745677948
1.7457828522
1.747494936
1.7503800392
1.752227068
1.7563860416
1.7594001293
1.7635779381
1.7656610012
1.7724130154
1.7732870579
1.7743461132
1.7784061432
1.7784121037
1.7886908054
1.7898218632
1.7953231335
1.7967860699
1.8094220161
1.8131079674
1.818926096
1.8194160461
1.8281509876
1.8303451538
1.8308460712
1.831058979
1.8381888866
1.8466658592
1.8654129505
1.8709180355
1.8739769459
1.8838009834
1.8871371746
1.8884010315
1.8907029629
1.8955259323
1.9115869999
1.9147698879
1.9320068359
1.9320549965
1.9412491322
1.9440889359
1.9449839592
1.9474301338
1.9524030685
1.9550800324
1.9643158913
1.9846980572
1.9950330257
2.0102579594
2.015417099
2.0156731606
2.0165150166
2.0181200504
2.0192708969
2.0221030712
2.0227339268
2.0268199444
2.0325651169
2.0366439819
2.0370588303
2.0419390202
2.042263031
2.0427057743
2.0468580723
2.0483469963
2.0527729988
2.0541870594
2.0563538075
2.063833952
2.0641691685
2.066352129
2.0679168701
2.0746819973
2.0837900639
2.084774971
2.0870409012
2.0893929005
2.0903029442
2.0914950371
2.1003620625
2.1074738503
2.1078059673
2.1102380753
2.1112020016
2.1118080616
2.1128079891
2.116038084
2.132019043
2.1406929493
2.1433329582
2.1475100517
2.1491179466
2.162405014
2.165375948
2.1791980267
2.1891820431
2.1897449493
2.1998400688
2.200314045
2.205108881
2.2122337818
2.2186050415
2.2196569443
2.2259089947
2.2260639668
2.2297530174
2.2363481522
2.2442979813
2.2512130737
2.2770228386
2.2812428474
2.2817540169
2.2854459286
2.2900459766
2.2907710075
2.2908740044
2.2974698544
2.3057780266
2.3223860264
2.3314659596
2.3374650478
2.3419599533
2.3536520004
2.3654048443
2.3719730377
2.373652935
2.3742089272
2.3745491505
2.3842740059
2.3852880001
2.3954179287
2.4013459683
2.4060389996
2.4211800098
2.4249939919
2.4366898537
2.4383299351
2.4457161427
2.453553915
2.4581360817
2.4585561752
2.4648180008
2.4779491425
2.4795119762
2.4993309975
2.5023519993
2.5156240463
2.5365359783
2.5451591015
2.5533671379
2.5634989739
2.5636940002
2.5655519962
2.5872440338
2.5884280205
2.5963220596
2.6006350517
2.6136889458
2.6170101166
2.6229169369
2.6329369545
2.6506969929
2.6608669758
2.6618700028
2.6619310379
2.6649260521
2.6743710041
2.6802999973
2.6808171272
2.6823761463
2.6879270077
2.6967301369
2.6987080574
2.7127878666
2.7351119518
2.7492320538
2.7519891262
2.7708930969
2.7758550644
2.7799010277
2.8002648354
2.8050391674
2.8093090057
2.810931921
2.818415165
2.8215019703
2.8241369724
2.8299648762
2.849642992
2.8583259583
2.904558897
2.9102540016
2.9228429794
2.9330749512
2.9429929256
2.9448080063
2.953938961
2.9566931725
2.9628009796
2.9675548077
2.9790129662
2.9929699898
2.9974811077
3.0048701763
3.0096549988
3.0164630413
3.0168559551
3.0289580822
3.0311739445
3.0344800949
3.0429348946
3.0565438271
3.0634338856
3.0639679432
3.0729601383
3.0736720562
3.0851709843
3.0851738453
3.085777998
3.0928092003
3.0976288319
3.0983269215
3.1036529541
3.1051969528
3.1102099419
3.1171431541
3.1174900532
3.1184101105
3.1255989075
3.1295511723
3.1325280666
3.1336038113
3.1351218224
3.1449248791
3.14559412
3.1535520554
3.1633520126
3.1682097912
3.1776778698
3.1796939373
3.1845369339
3.1915929318
3.1983458996
3.2004721165
3.2008240223
3.2022681236
3.211920023
3.2228980064
3.2309558392
3.2465920448
3.2482619286
3.2490830421
3.2538990974
3.2538998127
3.2657010555
3.2663199902
3.2687079907
3.2859909535
3.2886590958
3.3087041378
3.3142549992
3.322603941
3.3300509453
3.3312211037
3.3324091435
3.3353028297
3.3386061192
3.3506929874
3.356456995
3.360065937
3.3651928902
3.3723318577
3.3836510181
3.4280087948
3.4357228279
3.4465210438
3.4472301006
3.4610769749
3.4616708756
3.4670050144
3.4794659615
3.4838690758
3.4909148216
3.4959180355
3.5059289932
3.5063531399
3.5123898983
3.5129249096
3.5141649246
3.522808075
3.5292160511
3.5296208859
3.5306589603
3.533069849
3.5416328907
3.5500910282
3.5530230999
3.5582709312
3.558519125
3.5706820488
3.5785989761
3.5873429775
3.5898349285
3.5913751125
3.6077308655
3.6104798317
3.6172969341
3.6289999485
3.6346120834
3.6355061531
3.6381518841
3.6453869343
3.6491808891
3.6866331101
3.7071588039
3.7114670277
3.715077877
3.7210161686
3.7290849686
3.7296059132
3.7410879135
3.7706930637
3.771114111
3.7788949013
3.7816708088
3.7847518921
3.7864220142
3.8054010868
3.8066120148
3.8168799877
3.8172340393
3.8215510845
3.8395841122
3.8493490219
3.8521039486
3.85334301
3.8538498879
3.8552629948
3.8607199192
3.8697350025
3.8707001209
3.8719491959
3.8776099682
3.8927280903
3.8940079212
3.8961429596
3.897151947
3.9073150158
3.9095890522
3.9099900723
3.9124741554
3.9133610725
3.9148638248
3.9248600006
3.9321548939
3.9333229065
3.9485502243
3.9515860081
3.9520680904
3.9570510387
3.9624650478
3.9666690826
3.9761788845
3.9814138413
3.9971339703
4.0170829296
4.0220599175
4.0283219814
4.0355231762
4.0563919544
4.0573658943
4.0748229027
4.0886940956
4.0908448696
4.1212332249
4.126085043
4.1267430782
4.1269481182
4.1329250336
4.158192873
4.1812009811
4.1894478798
4.1973679066
4.2188060284
4.2283811569
4.2331249714
4.2442131043
4.2539458275
4.2569880486
4.2571241856
4.2657270432
4.2728250027
4.2751278877
4.276116848
4.2868359089
4.2875108719
4.292429924
4.2927598953
4.2933712006
4.2954380512
4.2975640297
4.2994999886
4.31229496
4.3219721317
4.3269279003
4.3319108486
4.3344769478
4.3379871845
4.3393480778
4.3527808189
4.360460043
4.3645758629
4.3679921627
4.3736450672
4.3752288818
4.3877880573
4.393091917
4.3965210915
4.40823102
4.4092171192
4.4251348972
4.4316999912
4.45221591
4.4557471275
4.474088192
4.4751169682
4.4820859432
4.4888188839
4.5203821659
4.5280370712
4.5293600559
4.5357730389
4.5370380878
4.5373539925
4.5492768288
4.5524659157
4.5579450131
4.561109066
4.5650920868
4.5726368427
4.5771360397
4.5933229923
4.5945730209
4.6064279079
4.6224491596
4.6317529678
4.6325209141
4.6326928139
4.6334598064
4.6344759464
4.6631720066
4.6668159962
4.6691200733
4.6758499146
4.6868829727
4.6984360218
4.700658083
4.7013859749
4.7152619362
4.7269098759
4.7294049263
4.7307679653
4.7318940163
4.7405190468
4.7470560074
4.7576088905
4.7633340359
4.7761731148
4.7898287773
4.7937200069
4.7977349758
4.8157417774
4.8222138882
4.8236441612
4.8268079758
4.8490149975
4.8533201218
4.8788940907
4.8839249611
4.9166901112
4.9196920395
4.9320538044
4.9338281155
4.944316864
4.9580640793
4.9694008827
4.9728419781
4.9729709625
4.9735319614
4.9739618301
4.9834880829
4.9862749577
4.9920120239
4.9961459637
4.998606205
4.9996709824
5.010035038
5.0262410641
5.0265569687
5.0344011784
5.0380680561
5.0386190414
5.0415849686
5.067937851
5.0752978325
5.0943629742
5.107093811
5.1166081429
5.1273989677
5.1296229363
5.1465079784
5.1470799446
5.1511659622
5.1687481403
5.1706821919
5.1728978157
5.1748430729
5.1783909798
5.2343821526
5.2354249954
5.2465360165
5.2475669384
5.2510211468
5.2581450939
5.2639620304
5.2669138908
5.2736179829
5.2832229137
5.2960560322
5.2976901531
5.3051080704
5.3104860783
5.3162720203
5.3266429901
5.3418159485
5.3492240906
5.3496880531
5.3607378006
5.3690330982
5.3695068359
5.4006428719
5.4173698425
5.4203090668
5.4340419769
5.449313879
5.4503910542
5.4532999992
5.4583408833
5.4613380432
5.5024659634
5.5089569092
5.5099229813
5.5318629742
5.5500869751
5.559762001
5.5619819164
5.5772809982
5.5813748837
5.5852210522
5.59623909
5.6025929451
5.6132631302
5.614248991
5.6254138947
5.6358819008
5.6540360451
5.6560239792
5.6572170258
5.6583411694
5.6629319191
5.6650958061
5.6759960651
5.6770970821
5.6867139339
5.7251107693
5.7330670357
5.735735178
5.7387390137
5.7400140762
5.7446300983
5.7491071224
5.7505269051
5.7690329552
5.7753210068
5.781334877
5.7851760387
5.7865920067
5.8064050674
5.8280029297
5.8314590454
5.8418159485
5.8508241177
5.8575561047
5.8632121086
5.8688900471
5.8742098808
5.875492096
5.8762049675
5.8781051636
5.8791220188
5.8850729466
5.8887209892
5.8929531574
5.9185910225
5.9225158691
5.9278428555
5.9321510792
5.9462630749
5.9716389179
5.9841449261
5.9914989471
5.9921879768
6.0195660591
6.0360481739
6.1150450707
6.1169700623
6.1348609924
6.1554701328
6.173115015
6.1799559593
6.1860730648
6.2155609131
6.2174940109
6.259483099
6.2665891647
6.269482851
6.2853138447
6.2903389931
6.2999851704
6.3026499748
6.3033020496
6.3180880547
6.3291270733
6.3382070065
6.3441710472
6.3676578999
6.3718249798
6.3757271767
6.3785879612
6.3838999271
6.3978829384
6.4076428413
6.4167830944
6.4168300629
6.428994894
6.433161974
6.4359080792
6.4382429123
6.4385480881
6.4385828972
6.4467530251
6.4505620003
6.4720010757
6.4811661243
6.5214631558
6.5377109051
6.5494120121
6.5504469872
6.5626831055
6.5666480064
6.5777211189
6.5916819572
6.5933251381
6.6113100052
6.6119339466
6.6123600006
6.6466040611
6.6536700726
6.6687879562
6.6765139103
6.6835570335
6.6923677921
6.6926670075
6.7229349613
6.7319350243
6.7366092205
6.7512869835
6.8218188286
6.8239870071
6.8289110661
6.8352248669
6.8455760479
6.8469691277
6.8556120396
6.8786640167
6.8840990067
6.9225480557
6.9438621998
6.949534893
6.9584729672
6.9655218124
6.9782469273
6.9874248505
6.998857975
7.0050168037
7.0146160126
7.0169491768
7.0253288746
7.0290191174
7.0460019112
7.0649790764
7.06950593
7.0739560127
7.0786678791
7.1121399403
7.1282520294
7.1420941353
7.144974947
7.1522710323
7.169285059
7.1814930439
7.185600996
7.187721014
7.2035360336
7.2250959873
7.2443118095
7.2443399429
7.2498669624
7.250921011
7.2537078857
7.2614359856
7.2652850151
7.2701330185
7.3022270203
7.3043529987
7.3275060654
7.3287072182
7.3417370319
7.347110033
7.3507969379
7.3527238369
7.3712208271
7.3770830631
7.3849878311
7.3916630745
7.4007730484
7.4191098213
7.4225149155
7.4568181038
7.4571580887
7.5023179054
7.5163898468
7.5468409061
7.547257185
7.5477781296
7.5496969223
7.5573468208
7.5722668171
7.5943808556
7.5947289467
7.5957520008
7.5969758034
7.6128971577
7.6666309834
7.6778960228
7.678989172
7.6839540005
7.730506897
7.7358169556
7.7467060089
7.7478749752
7.8198959827
7.8266570568
7.8437361717
7.8456630707
7.8564882278
7.8571178913
7.8627550602
7.8642389774
7.8801767826
7.8941400051
7.9307620525
7.9312889576
7.9897589684
7.9927530289
7.9967768192
8.0030550957
8.0284581184
8.0314230919
8.0509622097
8.0526459217
8.058827877
8.0775680542
8.0821559429
8.0870890617
8.0933001041
8.0960168839
8.0982558727
8.0992949009
8.1039478779
8.1096439362
8.1393499374
8.1528749466
8.1865251064
8.1920800209
8.2048120499
8.2107870579
8.2138240337
8.237678051
8.2873110771
8.2974200249
8.3118989468
8.3267230988
8.3520920277
8.3888790608
8.3999009132
8.4067602158
8.4397699833
8.4856481552
8.4925282002
8.5013129711
8.5019769669
8.5373950005
8.5503509045
8.5961809158
8.6144180298
8.6250691414
8.6258018017
8.6357469559
8.6390659809
8.6651921272
8.6915638447
8.7111711502
8.7281298637
8.7508249283
8.8105208874
8.8298120499
8.8327560425
8.8502972126
8.8995571137
8.9012000561
8.9057319164
8.9068791866
8.9347350597
8.9424548149
8.9561920166
8.9861688614
9.0315768719
9.0396928787
9.0595932007
9.0853118897
9.130354166
9.1426780224
9.1775870323
9.1926259995
9.1979379654
9.2052180767
9.207242012
9.2132689953
9.2204861641
9.2452280521
9.2692000866
9.2857270241
9.3064861298
9.3165099621
9.370087862
9.3740699291
9.3746099472
9.388698101
9.3977220058
9.4286310673
9.4327502251
9.4357440472
9.4385650158
9.4563801289
9.4578700066
9.4748828411
9.4904110432
9.4942250252
9.5141489506
9.5265069008
9.5346329212
9.5381889343
9.5638809204
9.5771780014
9.5793509483
9.5955052376
9.6631000042
9.6861438751
9.7352430821
9.7915210724
9.7941479683
9.7998449802
9.8044068813
9.8057789803
9.8081350327
9.8249249458
9.8502378464
9.8614990711
9.865183115
9.8980438709
9.9282648563
10.0770599842
10.1529669762
10.2628731728
10.3196308613
10.3196880817
10.3396070004
10.3913640976
10.5751819611
10.634827137
10.6603658199
10.6651070118
10.687456131
10.708302021
10.7536759377
10.7616999149
10.8020720482
10.8025400639
10.8286600113
10.8804321289
10.9364869595
10.9524559975
10.9606280327
10.9840631485
10.9978919029
11.0113089085
11.024723053
11.0466730595
11.0599939823
11.0727829933
11.2071478367
11.2150399685
11.2875099182
11.3357651234
11.3609759808
11.3862738609
11.3951230049
11.4713749886
11.5748538971
11.5844330788
11.6569991112
11.6621990204
11.6804680824
11.7364699841
11.7594199181
11.7842328548
11.856951952
11.9414410591
11.9440410137
11.9821939468
11.9903678894
12.0244121552
12.1838521957
12.318516016
12.3213310242
12.3622100353
12.3796620369
12.5120949745
12.5852210522
12.5927319527
12.5990328789
12.6860570908
12.7376658916
12.7712218761
12.8400468826
12.932336092
13.0179998875
13.1518599987
13.1649398804
13.2416760921
13.2643830776
13.4116611481
13.4898428917
13.5171589851
13.5200288296
13.5902569294
13.6167180538
13.7149381638
13.7417118549
13.8663032055
14.1590030193
14.2845528126
14.317138195
14.3725841045
14.3786969185
14.4761471748
14.5234670639
14.5771381855
14.6338570118
14.7044489384
14.7171120644
14.7308850288
14.8160188198
14.9378199577
15.0425879955
15.1111271381
15.394536972
15.5184419155
15.5974960327
15.6611959934
15.7198839188
15.7242310047
15.7387499809
15.7840881348
15.8281869888
15.8634970188
15.8775420189
16.0297868252
16.3329238892
16.3512101173
16.3748970032
16.375428915
